1.0	VIS	-32.29960672148731	-41.16052913836253	-21.273149803360745
2.0	VIS	-30.09928229665072	-32.864234449760765	-17.81608851674641
3.0	VIS	-35.508420208500404	-62.13672814755413	-17.025661587810745
4.0	VIS	-24.39665509624487	-54.53897128431682	-8.243925528557904
5.0	VIS	-23.37663885578069	-72.72943980929678	-10.35399284862932
6.0	VIS	-36.42270958613371	-81.25963919349134	-15.886805801202687
7.0	VIS	-18.61496965610249	-36.682400539447066	-11.940660822656778
8.0	VIS	-45.26010168584426	-70.01552047096601	-8.176077067166176
9.0	VIS	-17.088737201365188	-86.35684489950701	-14.972696245733788
10.0	VIS	-12.200919540229885	-61.13103448275862	-4.737931034482759
11.0	VIS	-6.663153627888123	-75.67531414673692	-5.766923388731253
12.0	VIS	-24.67658168083097	-96.70278564683665	-11.949952785646836
13.0	VIS	-13.497885835095138	-42.86469344608879	-5.5073995771670194
14.0	VIS	-41.45610625202462	-86.5144152899255	-3.2173631357304826
15.0	VIS	-7.489845852703695	-97.38805970149254	-7.306337166625887
16.0	VIS	-13.857761286332716	-56.7847866419295	1.443413729128015
17.0	VIS	-46.15988372093023	-73.2375		6.233139534883721
18.0	VIS	-4.657641395908544	-88.34085439229844	1.4413357400722022
19.0	VIS	-24.379872881355933	-95.95381355932204	5.953601694915254
20.0	VIS	-13.631958762886596	-49.289690721649485	4.177319587628866
21.0	VIS	-7.358768406961178	-74.39892904953146	9.386345381526104
22.0	VIS	-18.913961875322	-64.41524987120042	6.982998454404946
23.0	VIS	-39.35902547065338	-83.71672203765227	14.137098560354374
24.0	VIS	-10.814885093822475	-96.5450137044065	17.10056925996205
25.0	VIS	-3.032337626747054	-84.24088791449712	24.394902713072074
26.0	VIS	-12.262105730786317	-71.09551310528654	20.38916037316748
27.0	VIS	-24.87890765361121	-84.61696011498383	21.78692058929213
28.0	VIS	-31.89685124864278	-84.01900108577632	27.06243213897937
29.0	VIS	-15.873584905660378	-88.95245283018868	33.492075471698115
30.0	VIS	-11.991604938271603	-80.70864197530864	35.98765432098765
31.0	VIS	-21.266275085658343	-78.64757709251101	44.69799314733236
32.0	ASM	-50.0144		9.5536			0.512
33.0	ASM	-56.04419889502763	-21.456554495228527	7.67754897036665
34.0	ASM	-36.03130148270181	-24.1004942339374	10.069192751235583
35.0	ASM	-38.35314861460957	-9.101259445843828	12.99294710327456
36.0	ASM	-36.05574912891986	-26.382578397212544	18.993031358885016
37.0	ASM	-58.73918575063613	-37.06870229007634	15.615776081424936
38.0	ASM	-41.16718075262184	-34.93707587908698	14.207279457125232
39.0	ASM	-48.96799580272823	-12.973242392444911	13.998426023084996
40.0	ASM	-59.599223946784925	-2.368070953436807	11.383037694013304
41.0	ASM	-48.31269160024525	-24.1704475781729	17.74555487431024
42.0	ASM	-60.989375		-17.615			19.415625
43.0	ASM	-59.07257346393589	-2.259127337488869	23.784951024042744
44.0	ASM	-62.47865853658536	-10.225609756097562	31.053658536585367
45.0	ASM	-52.94924554183813	-8.973936899862826	29.980109739369
46.0	ASM	-54.90987983978639	-19.80106809078772	40.6909212283044
47.0	ASM	-50.87562814070352	-6.95393634840871	42.95058626465661
48.0	ASM	-48.35205183585313	-16.163426925845933	40.31893448524118
49.0	ASM	-7.866060845515607	-15.33781114184117	46.96918214144607
50.0	ASM	-40.81139489194499	-14.548788474132284	47.68172888015717
51.0	ASM	-48.63730255164034	-17.34325637910085	54.33049817739976
52.0	ASM	-47.614996395097336	-29.325522710886805	57.939798125450615
53.0	ASM	-39.090539165818925	-24.64089521871821	52.83214649033571
54.0	ASM	-8.706849315068494	-37.80821917808219	53.779908675799085
55.0	ASM	-4.361865407319953	-25.073199527744983	55.939197166469896
56.0	ASM	-4.174343734522041	-8.792966815255078	59.11441307578009
57.0	ASM	-34.5774798927614	-18.253887399463807	63.78230563002681
58.0	ASM	-30.367791077257888	-46.419659049691695	62.7841857091041
59.0	ASM	-31.999061473486627	-28.96855936180197	62.08962928202722
60.0	ASM	-29.851224944320712	-38.19153674832962	64.85924276169266
61.0	ASM	-23.64131551901336	-10.659815005138746	64.94141829393628
62.0	ASM	-19.37704918032787	-24.172131147540984	66.6311475409836
63.0	ASM	-8.50832562442183	-41.82423681776133	70.27798334875115
64.0	ASM	-4.184026499815974	-25.66728008833272	68.74825174825175
65.0	ASM	-14.17156862745098	-11.05718954248366	72.23257080610021
66.0	ASM	-18.384720951509607	-31.0128087831656	68.73101555352241
67.0	ASM	-19.088178294573645	-40.03875968992248	71.7562984496124
68.0	ASM	-11.675555555555556	-26.89666666666667	73.19333333333333
69.0	DAN	-45.00068306010929	-42.37909836065574	-21.38285519125683
70.0	DAN	-48.79492063492064	-55.7415873015873	-15.395343915343917
71.0	DAN	-55.005638249887234	-61.76657645466848	-0.5852503382949933
72.0	DAN	-47.85795454545455	-65.36576704545455	14.974431818181818
73.0	DAN	-26.287528005974607	-70.05675877520538	30.682598954443616
74.0	DAN	-54.84543610547667	-31.463286004056798	44.573630831643
75.0	DAN	-22.846938775510203	-65.5092322643343	46.469873663751216
76.0	DAN	-46.19729563614013	-29.272280270436383	43.86662569145667
77.0	DAN	-33.164015904572565	-46.41252485089464	40.80666003976143
78.0	DAN	-28.616970658207773	-57.996034892942106	50.20380650277558
79.0	DAN	-38.921949115998274	-37.361362656317375	49.36308753773178
80.0	DAN	-35.912034208918755	-51.69761759315821	55.81124007330482
81.0	DAN	-14.803827751196172	-71.23987240829346	56.962360446570976
82.0	DAN	-28.336923997606224	-61.23099940155596	62.184320766008376
83.0	DAN	-7.519334532374101	-58.706384892086334	63.21582733812949
84.0	DAN	-19.732612612612613	-56.623783783783786	65.97045045045046
85.0	DAN	-13.031973539140022	-50.439911797133405	71.89084895259096
86.0	DAN	-40.40622505985635	-2.511173184357542	51.45889864325618
87.0	DAN	-25.602037351443123	-0.5256366723259762	55.18098471986418
88.0	DAN	-29.852660300136424	-8.121418826739427	51.60845839017736
89.0	DAN	-21.24304216037476	5.086800771562414	64.1317167263709
90.0	DAN	-49.35580828594639	6.071080422420796	25.749390739236397
91.0	DAN	-50.00184928340269	2.6532593619972262	38.03328710124827
92.0	SAL	-54.64805154955508	-32.05032218471924	22.26756673826327
93.0	SAL	-58.00802496656264	-44.14935354436023	27.271065537226928
94.0	SAL	-61.204460966542754	-23.07806691449814	32.80235439900867
95.0	SAL	-61.22463465553236	-36.13862212943633	33.18872651356994
96.0	SAL	-56.41563360881543	-53.77617079889807	10.071280991735538
97.0	SAL	-44.09183202584218	5.334102445777573	-16.26488232579603
98.0	SAL	-38.68285562632696	1.7608811040339702	-4.61411889596603
99.0	SAL	-32.832612723903644	24.47869054972205	-0.7399629400864731
100.0	SAL	-39.78992497320471	-14.478027867095392	-1.7186495176848875
101.0	SAL	-33.09834420471651	19.23682890115404	8.118414450577019
102.0	SAL	-36.475935828877006	4.508912655971479	10.65686274509804
103.0	SAL	-43.47323506594259	11.793638479441428	2.256788207913111
104.0	SAL	-50.438515081206496	1.3508120649651971	4.523433874709977
105.0	SAL	-52.080244554833776	8.661826518914788	13.477646159724875
106.0	SAL	-28.985319683214215	43.38033610198957	29.54819393471122
107.0	SAL	-6.073397435897436	21.54647435897436	31.13589743589744
108.0	SAL	-6.618092105263158	0.5891447368421052	40.6578947368421
109.0	SAL	-10.985513608428446	-27.22827041264267	40.9692712906058
110.0	SAL	-5.363984674329502	9.16507024265645	48.40900383141762
111.0	SAL	-12.602498163115357	-41.42395297575312	47.24614254224835
112.0	SAL	-6.041947926711669	-49.13500482160077	56.95371263259402
113.0	SAL	-8.441391941391942	-2.742979242979243	70.92490842490842
114.0	LIM	-12.329517579721996	24.460752248569094	-20.495502861815208
115.0	LIM	-23.540090411610755	22.628836545324766	-19.69926243159648
116.0	LIM	-10.759331021823373	47.300632265959614	-21.27003875178462
117.0	LIM	-4.003891050583658	23.364461738002596	-19.0269130998703
118.0	LIM	-15.269032782443782	64.5526957464102	-8.260633974532647
119.0	LIM	-37.16146458583433	-5.369147659063626	-42.38095238095238
120.0	LIM	-25.3135593220339	6.013810420590081	-37.99309478970496
121.0	LIM	-25.68375733855186	-8.941291585127201	-32.36086105675147
122.0	LIM	-53.84851811196487	-21.11251372118551	-31.548024149286498
123.0	LIM	-40.076142131979694	-21.544733502538072	-26.756662436548226
124.0	LIM	-43.38065368108287	12.913337735226149	-33.39584021129085
125.0	LIM	-31.69310141509434	11.553360849056604	-29.31132075471698
126.0	LIM	-21.0448798988622	-20.650442477876105	-25.689633375474084
127.0	FPN	-28.799442896935933	-74.39600742804086	42.331940575673165
128.0	FPN	-58.288387096774194	-41.79290322580645	45.406451612903226
129.0	FPN	-53.14447134786118	-49.61783696529459	45.30669895076674
130.0	FPN	-34.45759444872783	-61.95836545875096	47.82999228989977
131.0	FPN	-41.98009554140128	-52.37738853503185	48.77707006369427
132.0	FPN	-44.956209890524725	-41.39411098527746	46.74556436391091
133.0	FPN	-60.60595130748422	-48.77487225728885	-9.653742110009016
134.0	FPN	-27.076516220028207	49.45698166431594	-13.655500705218618
135.0	FPN	-41.99486033519553	49.02793296089386	-6.452290502793296
136.0	FPN	-47.70114192495922	35.09494290375204	10.443066884176185
137.0	FPN	-38.18455743879473	49.011837503362926	10.941619585687382
138.0	FPN	-27.791229153798643	56.82643607164917	12.889746757257566
139.0	FPN	-41.598682716329776	37.69134680899387	21.88621394503748
140.0	FPN	-44.401177897107225	20.23644552225879	27.365667763727696
141.0	FPN	-39.2875		7.401041666666667	33.53333333333333
142.0	FPN	-36.006093649775494	31.95766516998076	38.55003207184093
143.0	FPN	-33.45262390670554	16.365889212827987	-8.38265306122449
144.0	FPN	-8.954028436018957	-77.11706161137441	45.40236966824644
145.0	FPN	-5.050073637702504	-63.92341678939617	51.98674521354933
146.0	FPN	-3.3035870516185475	5.6124234470691166	28.828521434820647
147.0	FPN	-4.079			-21.753			28.97
148.0	FPN	-3.710777626193724	27.8774897680764	46.785266030013645
149.0	DMN	-53.84280303030303	-1.5097064393939394	-29.47159090909091
150.0	DMN	-61.520178124130254	-17.549958252156973	-20.54160868355135
151.0	DMN	-60.09297567629007	-36.3637190270516	-18.095476244601045
152.0	DMN	-56.99878817256423	-8.840281143965099	-14.024963645176928
153.0	DMN	-52.93454966695627	6.186794092093831	-11.538951636258329
154.0	DMN	-60.61857177674872	-34.82378747258104	-3.0623933707043625
155.0	DMN	-52.223113964687	-22.59978598180845	-5.416265382557517
156.0	DMN	-60.5331928345627	-12.866174920969442	-2.779241306638567
157.0	DMN	-61.671975729996205	-32.20553659461509	5.020477815699659
158.0	DMN	-52.41840556447298	-43.1107544141252	5.104333868378812
159.0	DMN	-58.66584524396254	-49.0266140956136	16.08969935929029
160.0	DMN	-45.75648788927336	-58.79930795847751	21.067906574394463
161.0	DMN	-40.336216216216215	-78.44567567567567	30.131351351351352
162.0	DMN	-47.23423180592992	-63.39299191374664	31.373315363881403
163.0	DMN	-56.686532762594666	-54.54659203161014	29.705301284162
164.0	DMN	-41.30250210851842	-72.00562271577172	43.36575766095024
165.0	DMN	-48.75591531755915	-59.56039850560399	47.04234122042341
166.0	DMN	-35.65991058122206	22.10849478390462	-15.446497764530552
167.0	DMN	-36.10730088495576	36.75774336283186	-13.037610619469026
168.0	DMN	-4.943562610229277	54.94426807760141	-10.283950617283953
169.0	DMN	-5.8917301414581065	34.80277475516866	-8.815832426550598
170.0	DMN	-46.20133176654916	31.607520564042304	-10.36936936936937
171.0	DMN	-27.934619929105946	58.307207562032296	-0.803072075620323
172.0	DMN	-47.597110754414125	28.26902086677368	0.5120385232744783
173.0	DMN	-6.426213106553277	59.24512256128064	6.668334167083541
174.0	DMN	-6.098287590898428	44.62350457424349	5.964109781843772
175.0	DMN	-53.07984228684081	19.23238048299655	11.482750123213403
176.0	DMN	-15.965646004480956	66.98020911127708	8.571695294996266
177.0	DMN	-5.430258099945085	33.74794069192751	20.72103239978034
178.0	DMN	-4.173459715639811	51.26050552922591	28.149921011058453
179.0	DMN	-13.910756972111551	57.41460823373174	30.96839309428951
180.0	DMN	-21.81201434548715	50.30812910938434	31.162283323371188
181.0	DMN	-24.81084776663628	28.23792160437557	43.52051048313582
182.0	DMN	-41.2665428372417	18.938007894125843	47.67332249825865
183.0	DMN	-7.826771653543307	42.951181102362206	50.92650918635171
184.0	DMN	-18.382988721804512	35.9187030075188	48.08317669172932
185.0	DMN	-41.64122833688051	7.0097294010337485	48.65551839464883
186.0	DMN	-29.75559534467323	13.91674127126231	56.9189794091316
187.0	DMN	-22.282576135796305	19.563654518222663	51.93060409385921
188.0	DMN	-12.379734541922952	24.12884428617676	61.0304305600518
189.0	DMN	-6.373700305810398	10.411620795107034	64.56880733944953
190.0	DMN	-7.965090909090909	-51.96218181818182	9.343272727272728
191.0	DMN	-13.018114259173249	-60.74500696702276	18.708778448676263
192.0	DMN	-4.1525724423418096	-53.46599645180367	20.26138379657008
193.0	DMN	-5.944035346097202	-40.90574374079529	23.24153166421208
194.0	DMN	-10.089581304771178	-69.74683544303798	31.47809152872444
195.0	DMN	-5.307445671535447	-60.279657997862486	29.78126113288208
196.0	DMN	-7.34735279564572	-44.27956457199407	32.04750123701138
197.0	DMN	-3.920758928571429	-33.67075892857143	37.668526785714285
198.0	DMN	-2.7121507472384665	-15.414554905782976	37.21767381416504
199.0	DMN	-3.0142857142857142	-68.09159663865546	40.91512605042017
200.0	DMN	-6.770274636510501	-50.91760904684976	42.70145395799677
201.0	VIS	33.70074982958418	-36.58214042263122	-22.8640081799591
202.0	VIS	30.606200997861723	-30.677476835352817	-17.731646471846044
203.0	VIS	35.25174311926605	-53.50495412844037	-17.387522935779817
204.0	VIS	37.14745484400657	-72.83776683087028	-15.432183908045976
205.0	VIS	26.15764640577297	-51.817929503191785	-8.937552039966695
206.0	VIS	23.150307447050785	-73.56547483488954	-10.593942154406742
207.0	VIS	18.211502782931355	-35.919294990723564	-12.457328385899814
208.0	VIS	19.60308110557317	-87.83552333484369	-12.685545990031716
209.0	VIS	50.2420325384444	-64.4036104301315	-9.41653666146646
210.0	VIS	42.22858472998138	-83.56005586592178	-12.319832402234637
211.0	VIS	9.06083650190114	-72.1254752851711	-4.642585551330798
212.0	VIS	12.868183459732755	-57.49512459371614	-3.269050198627663
213.0	VIS	25.09304347826087	-96.46028985507246	-9.9368115942029
214.0	VIS	17.740462427745666	-44.71329479768786	-2.8109826589595377
215.0	VIS	8.427742706022864	-92.02542228288688	-1.7123357788773248
216.0	VIS	48.54151908697363	-65.6948051948052	4.271546635182999
217.0	VIS	14.119218910585817	-46.74922918807811	4.079136690647482
218.0	VIS	35.37884741322856	-88.7973149967256	2.176489849377865
219.0	VIS	9.197900158478603	-73.23177496038035	8.454437400950871
220.0	VIS	21.7873427672956	-59.30345911949686	5.80188679245283
221.0	VIS	23.528740317977984	-98.87199347737464	7.3493681206685695
222.0	VIS	43.68540305010893	-78.74204793028322	10.29760348583878
223.0	VIS	12.840595111583422	-94.05260361317748	18.82066950053135
224.0	VIS	15.8775123246113	-65.82555934774365	18.78422449753508
225.0	VIS	4.99918896999189	-79.9014598540146	23.44363341443633
226.0	VIS	27.059737476560407	-87.08866863112777	20.62148406107688
227.0	VIS	35.6143273635985	-79.23406913785922	24.097459391920037
228.0	VIS	14.43382873319179	-77.49150743099787	33.817409766454354
229.0	VIS	16.226979472140762	-86.80615835777127	36.74516129032258
230.0	VIS	28.93923951391611	-77.83614268914151	36.685221481771855
231.0	ASM	53.07323943661972	2.4481434058898848	-5.583098591549295
232.0	ASM	61.95621118012422	-18.6611801242236	-0.3978260869565217
233.0	ASM	53.358381502890175	-13.910693641618495	5.918208092485549
234.0	ASM	39.8031045751634	-18.524509803921568	4.517156862745098
235.0	ASM	37.82316442605998	-8.173733195449845	13.801447776628748
236.0	ASM	34.62620192307692	-21.370192307692307	14.104567307692308
237.0	ASM	60.23138191955396	-23.800876144962167	10.902429311031462
238.0	ASM	64.4541398116014	-34.29697570649479	10.750123946455131
239.0	ASM	41.07109557109557	-13.033799533799534	18.0967365967366
240.0	ASM	41.38500251635632	-28.92350276799195	18.05133366884751
241.0	ASM	49.70542635658915	-10.18346253229974	12.814814814814817
242.0	ASM	59.00681596884129	0.681110029211295	10.390944498539437
243.0	ASM	48.74464944649446	-21.244280442804428	18.591881918819187
244.0	ASM	61.84169054441261	-11.667621776504298	15.637535816618913
245.0	ASM	60.65950676213206	6.387430389817025	29.57120127287192
246.0	ASM	59.278325779792056	-5.355105305251933	27.28952279392162
247.0	ASM	61.09726443768997	-14.26595744680851	30.448328267477205
248.0	ASM	51.68027545499263	-6.284308903098869	37.51746187899656
249.0	ASM	54.68532110091744	-16.826605504587157	40.38623853211009
250.0	ASM	10.979636363636365	-17.040727272727274	41.325818181818185
251.0	ASM	52.10452961672474	-12.812543554006968	49.1219512195122
252.0	ASM	44.19099890230516	-10.563666300768386	48.46322722283205
253.0	ASM	48.91334355828221	-25.461656441717796	55.88343558282209
254.0	ASM	6.783144246353323	-10.086547811993515	51.30696920583468
255.0	ASM	42.349429912810194	-20.812877263581488	54.23205902079142
256.0	ASM	36.26805778491172	-18.261637239165328	63.29181380417335
257.0	ASM	32.0239651416122	-34.03122730573711	62.94625998547567
258.0	ASM	31.19040166927491	-40.581637976004174	64.05477308294209
259.0	ASM	33.930881420418515	-27.275206087507925	61.0856055802156
260.0	ASM	4.344350156319786	-24.868691380080392	58.3974988834301
261.0	ASM	28.50812407680945	-10.969965534219597	64.78581979320532
262.0	ASM	9.238558909444986	-40.04333008763388	68.10856864654333
263.0	ASM	21.23823823823824	-24.32032032032032	66.13313313313313
264.0	ASM	21.827683615819208	-28.87758945386064	67.56026365348399
265.0	ASM	22.25682182985554	-35.09069020866774	70.4454253611557
266.0	ASM	16.805122494432073	-6.344654788418708	69.24777282850779
267.0	ASM	15.853196930946291	-46.82404092071612	73.88542199488491
268.0	ASM	5.38998127340824	-22.187734082397004	71.6371722846442
269.0	ASM	16.18346957311535	-18.57674841053588	72.75158946412353
270.0	ASM	12.90916955017301	-32.75086505190311	75.64792387543253
271.0	DAN	49.81368167755242	-49.32829150910966	-18.21244413887934
272.0	DAN	59.17025154939847	-55.02223842508203	-2.4021144732045205
273.0	DAN	53.83139316560271	-55.68081111528352	12.38865940668419
274.0	DAN	45.34742755765819	-75.11088113542283	30.731815493790656
275.0	DAN	31.71756075194865	-66.60247592847318	35.372306281522235
276.0	DAN	57.21250941974378	-22.71966842501884	44.211755840241146
277.0	DAN	18.540796963946867	-79.05882352941177	49.94781783681214
278.0	DAN	43.70206819452208	-37.61878144214645	50.006707657909445
279.0	DAN	45.18481459682166	-28.072395526780458	42.90935844614479
280.0	DAN	30.912587412587413	-63.71095571095571	53.07867132867133
281.0	DAN	36.43841950399327	-44.6162253047499	45.41908364859184
282.0	DAN	20.88926401080351	-68.64449696151249	52.8217420661715
283.0	DAN	35.69834945930563	-35.83892999430848	51.22083096186682
284.0	DAN	33.95309990362994	-50.64535817539351	54.14616125923546
285.0	DAN	8.45503355704698	-71.01700223713647	52.51006711409396
286.0	DAN	26.699750312109863	-58.01560549313359	60.692259675405744
287.0	DAN	7.279698149951314	-53.75340798442064	59.74659201557936
288.0	DAN	13.646376811594203	-63.92850241545894	64.71256038647343
289.0	DAN	24.481660899653978	-49.891695501730105	68.29065743944636
290.0	DAN	39.426584234930445	-3.044049459041731	52.77820710973725
291.0	DAN	27.438155136268342	-3.3392033542976938	52.19077568134172
292.0	DAN	24.743912018853106	-2.927729772191673	63.95129615082482
293.0	DAN	48.7702616464582	8.156349712827058	24.858008934269304
294.0	SAL	59.27589592538046	-46.39175257731959	6.838487972508591
295.0	SAL	52.02465753424657	-40.80068493150685	12.498630136986302
296.0	SAL	61.365090403337966	-39.6356050069541	21.986787204450625
297.0	SAL	58.2010889292196	-30.80036297640653	24.32087114337568
298.0	SAL	60.37619245126504	-21.99543757776856	22.58564910825384
299.0	SAL	62.60705394190872	-25.805394190871368	38.04647302904564
300.0	SAL	62.01912467819051	-37.37624126517102	36.9602795145274
301.0	SAL	50.997657165169855	3.4927762592737213	40.63490823896915
302.0	SAL	40.49625385632437	4.756280299691494	-15.339356544733365
303.0	SAL	40.51425855513308	8.301330798479087	-2.8854562737642584
304.0	SAL	40.43058938139309	-10.492937165124207	-4.094982951777886
305.0	SAL	39.078034682080926	-1.2492774566473988	5.773843930635838
306.0	SAL	36.98508746773731	22.562087754516774	4.707484944078004
307.0	SAL	38.25609756097561	6.859349593495935	10.766666666666667
308.0	SAL	49.45487954267048	5.023274806043283	3.615761535320539
309.0	SAL	53.81442495126706	11.943469785575047	11.864327485380118
310.0	SAL	32.573245952197375	44.75501156515035	28.272937548188125
311.0	SAL	7.290172642762284	18.56330234617087	35.49490925188136
312.0	SAL	7.278275475923852	2.188409854423292	43.005599104143336
313.0	SAL	11.495687468290209	-33.84424150177575	42.70319634703196
314.0	SAL	5.593802816901408	10.807323943661972	57.48732394366197
315.0	SAL	10.144436256448047	-43.151068533529845	53.461311717022845
316.0	SAL	10.509018036072144	-32.01002004008016	50.44622578490314
317.0	SAL	6.6571428571428575	-1.9323943661971832	66.45513078470825
318.0	SAL	16.054033485540334	6.617199391171994	69.34398782343987
319.0	LIM	13.155573060259943	23.593934619929104	-20.41000393855849
320.0	LIM	22.866808359900816	22.15090329436769	-20.32766560396741
321.0	LIM	7.659410582719357	46.912926992632286	-23.183188211654382
322.0	LIM	19.64715447154472	43.14579945799458	-18.2059620596206
323.0	LIM	4.6317485898468975	22.13900080580177	-20.58863819500403
324.0	LIM	9.368360277136258	62.75481139337952	-14.331023864511163
325.0	LIM	27.60455523672884	-1.2110832137733143	-40.04752510760402
326.0	LIM	48.57699763084213	-6.436355804436786	-39.36312728839113
327.0	LIM	36.46487341772152	16.417405063291138	-37.279430379746834
328.0	LIM	39.26500265533723	-14.69490175252257	-31.331917153478493
329.0	LIM	28.79983922829582	11.727759914255092	-30.09539121114684
330.0	LIM	50.1295652173913	-27.41391304347826	-25.91188405797101
331.0	LIM	22.43339100346021	-17.788062283737023	-26.765138408304495
332.0	FPN	54.479815455594		-52.94290657439446	44.36908881199539
333.0	FPN	55.59600389863548	-41.02777777777778	47.51608187134503
334.0	FPN	35.098759761139185	-70.64308681672026	46.78824069820855
335.0	FPN	53.93978494623656	-33.287455197132616	51.16559139784946
336.0	FPN	46.75059760956175	-44.24701195219124	46.581673306772906
337.0	FPN	40.85925925925926	-55.23880070546737	48.444797178130514
338.0	FPN	61.61185983827493	-28.800763701707098	-19.977088948787063
339.0	FPN	63.320446501497415	-42.15137489790362	-10.521099918322896
340.0	FPN	34.01733413030484	21.19844590555888	-7.722056186491333
341.0	FPN	27.626052948255115	54.87304452466908	-13.497894103489772
342.0	FPN	42.24846851261945	50.74712080372458	-6.400637098750306
343.0	FPN	27.32515932391244	59.2477140482128	2.9059296203934606
344.0	FPN	49.007465963987705	39.968818620992536	4.9811155028546334
345.0	FPN	41.71581612777561	45.92208804051422	14.187767822360732
346.0	FPN	49.131182795698926	30.119139784946235	18.2305376344086
347.0	FPN	48.13960749330955	18.17885816235504	23.504460303300625
348.0	FPN	25.240024554941684	54.14825046040516	24.73971761817066
349.0	FPN	47.27235899033967	29.102524150825804	27.80211904019944
350.0	FPN	39.36545454545455	10.769454545454543	33.92581818181818
351.0	FPN	38.96578073089701	33.35382059800664	38.15614617940199
352.0	FPN	44.641614306428224	19.03818269695505	43.42000966650556
353.0	FPN	43.3014291901256	6.291035080121264	50.4807275877003
354.0	FPN	34.19761620977354	15.720143027413588	55.4865315852205
355.0	FPN	24.401474340799545	10.054153671675644	57.82336263113128
356.0	FPN	13.143666531768517	-71.5014164305949	39.00242816673411
357.0	FPN	5.47593896713615	-64.26760563380282	43.612089201877936
358.0	FPN	6.332478632478632	-25.364957264957265	28.068376068376068
359.0	FPN	4.864836325237593	1.3484688489968322	30.27243928194298
360.0	FPN	7.603383997705764	34.812446228850014	25.055348437051908
361.0	FPN	4.780645161290322	28.055407969639468	48.36508538899431
362.0	DMN	54.71337579617835	-45.71656050955414	19.428025477707006
363.0	DMN	48.44592080786607	-63.94233324475153	21.706351315439807
364.0	DMN	53.2062516697836	-53.20251135452845	25.848250066791344
365.0	DMN	55.97568881685575	-45.25769854132901	32.319827120475416
366.0	DMN	47.46814082048298	-64.35787023567065	41.7160314227524
367.0	DMN	49.10620067643743	8.65163472378805	-32.94746335963924
368.0	DMN	60.46843994089086	-7.585391598057843	-23.03778762930125
369.0	DMN	47.45522146783058	16.18396378920142	-20.42806336889751
370.0	DMN	54.81220954795099	-3.913603717786228	-14.14702154626109
371.0	DMN	62.92146596858639	-23.361630516080776	-7.403889304412864
372.0	DMN	49.01975308641976	-20.046913580246912	-7.497942386831276
373.0	DMN	63.32943469785575	-37.76933073424301	0.1858349577647823
374.0	DMN	50.58128277531262	-33.13997579669221	1.5570794675272288
375.0	DMN	34.661885980638225	22.923987092147723	-17.44316959483686
376.0	DMN	34.80035335689046	37.5547703180212	-13.53577738515901
377.0	DMN	47.917647058823526	31.57722152690864	-7.966207759699625
378.0	DMN	53.46404602109301	23.84084372003835	6.569990412272292
379.0	DMN	5.399138415433602	40.44090653680465	-10.36242742086533
380.0	DMN	9.319701140385371	66.56075501376327	0.8741643727880456
381.0	DMN	7.683213920163767	41.94165813715456	4.082395087001023
382.0	DMN	7.270989907665879	53.99763796435474	12.933218810392956
383.0	DMN	17.26810912511759	65.03951081843839	16.150203825650674
384.0	DMN	5.632958801498128	25.00074906367041	18.016479400749063
385.0	DMN	6.145491803278689	57.510245901639344	29.494672131147546
386.0	DMN	16.482136781218102	52.54712487240558	35.92582511058183
387.0	DMN	4.767370272647318	44.18865435356201	40.20316622691293
388.0	DMN	26.267692307692307	34.604			39.288
389.0	DMN	13.79624516841524	39.237990060739925	52.14411927112093
390.0	DMN	23.880751782242385	25.76928062216461	50.79390797148413
391.0	DMN	11.96955576265921	19.632183908045977	62.88909599254427
392.0	DMN	12.344805403666774	-54.7220971373432	15.442264393695725
393.0	DMN	7.23568281938326	-43.680616740088105	19.68502202643172
394.0	DMN	16.3			-63.37441860465116	27.44573643410853
395.0	DMN	5.8508364312267656	-51.93355018587361	23.354553903345725
396.0	DMN	4.834645669291339	-63.42734430923407	31.186828919112383
397.0	DMN	6.706878306878306	-38.477601410934746	34.8620811287478
398.0	DMN	3.935026868588178	-19.69467513434294	37.123106985832926
399.0	DMN	9.83095577746077	-52.527104136947216	35.276747503566334
400.0	DMN	6.950276243093922	-49.87292817679558	44.61225514816675
401.0	Subcortical	-8.001757469244287	12.101054481546573	-7.487697715289983
402.0	Subcortical	10.25324114088159	12.42523768366465	-7.4477095937770095
403.0	Subcortical	-22.86107711138311	-2.741738066095471	-18.656670746634028
404.0	Subcortical	27.580851063829787	-1.250531914893617	-18.98244680851064
405.0	Subcortical	-12.171343001261034	8.560844892812106	10.656841109709962
406.0	Subcortical	15.748094958968348	10.006740914419694	10.082209847596715
407.0	Subcortical	-24.80339772571585	-22.41375530894643	-11.826688587477737
408.0	Subcortical	29.326891891891893	-21.54027027027027	-11.89662162162162
409.0	Subcortical	-17.561433447098977	-1.8583617747440275	-1.544368600682594
410.0	Subcortical	21.42142857142857	-1.5571428571428572	-1.5857142857142856
411.0	Subcortical	-18.77371469949312	-11.60463432295438	-22.919985517740766
412.0	Subcortical	23.84827862289832	-12.124499599679744	-21.67013610888711
413.0	Subcortical	-23.88527676666248	2.004769674909		0.7021463537090499
414.0	Subcortical	27.828778718258768	3.2409915356711005	0.6528415961305924
415.0	Subcortical	-10.698181818181816	-19.343636363636364	6.107272727272727
416.0	Subcortical	13.2038789025544	-19.2682119205298	6.228476821192053
